0	0
1	0
2	1
3	0
4	2
5	1
6	1
7	0
8	1
9	0
10	0
11	2
12	1
13	1
14	1
15	1
16	1
17	2
18	0
19	0
20	1
21	2
22	1
23	2
24	1
25	1
26	2
27	2
28	1
29	2
30	1
31	1
32	1
33	2
34	1
35	2
36	1
37	1
38	1
39	1
40	1
41	1
42	1
43	2
44	1
45	1
46	2
47	0
48	1
49	0
50	0
51	1
52	1
53	0
54	1
55	1
56	1
57	1
58	2
59	1
60	1
61	1
62	1
63	2
64	1
65	1
66	1
67	1
68	0
69	0
70	2
71	1
72	1
73	2
74	0
75	2
76	0
77	0
78	0
79	0
80	1
81	0
82	1
83	1
84	1
85	2
86	2
87	1
88	1
89	2
90	0
91	2
92	2
93	2
94	2
95	2
96	2
97	2
98	1
99	2
100	2
101	2
102	2
103	2
104	2
105	2
106	2
107	2
108	2
109	2
110	2
111	1
112	2
113	2
114	2
115	2
116	2
117	2
118	2
119	2
120	1
121	2
122	2
123	1
124	2
125	2
126	2
127	2
128	0
129	2
130	1
131	2
132	2
133	1
134	0
135	2
136	1
137	1
138	1
139	0
140	0
